% -------------------------------------------------------------------
%  Generated by MATLAB on 31-Jan-2025 23:58:34
%  MATLAB version: 24.1.0.2653294 (R2024a) Update 5
% -------------------------------------------------------------------
                                                

Maneuver = struct;
Maneuver.Type = 'Skidpad';
Maneuver.Instance = 'FSAE_Achilles';
Maneuver.Trajectory_LoadFile = struct;
Maneuver.Trajectory_LoadFile.Value = 'Skidpad_trajectory_default.mat';
Maneuver.Trajectory_LoadFile.Units = '';
Maneuver.Trajectory_LoadFile.Comments = '';
Maneuver.xMaxLat = struct;
Maneuver.xMaxLat.Value = 5;
Maneuver.xMaxLat.Units = 'm';
Maneuver.xMaxLat.Comments = '';
Maneuver.vMinTarget = struct;
Maneuver.vMinTarget.Value = 5;
Maneuver.vMinTarget.Units = 'm/s';
Maneuver.vMinTarget.Comments = '';
Maneuver.vGain = struct;
Maneuver.vGain.Value = 1;
Maneuver.vGain.Units = '';
Maneuver.vGain.Comments = 'Scales target speed Trajectory vx';
Maneuver.xPreview = struct;
Maneuver.xPreview.x = struct;
Maneuver.xPreview.x.Value = [2.5 3 10];
Maneuver.xPreview.x.Units = 'm';
Maneuver.xPreview.x.Comments = '';
Maneuver.xPreview.v = struct;
Maneuver.xPreview.v.Value = [0 5 20];
Maneuver.xPreview.v.Units = 'm/s';
Maneuver.xPreview.v.Comments = '';
Maneuver.xMax = struct;
Maneuver.xMax.Value = 290;
Maneuver.xMax.Units = 'm';
Maneuver.xMax.Comments = ['Stop test when vehicle has reached this dist' ...
                          'ance'];
Maneuver.Trajectory = struct;
Maneuver.Trajectory.x = struct;
Maneuver.Trajectory.x.Value = [-50 -25 -5 0 2.3617237865605016 4.5624999999999991 ...
                               6.4523493783272459 7.9024818095330032 8.8140731648877484 ...
                               9.125 8.8140731648877484 7.9024818095330032 ...
                               6.4523493783272459 4.5624999999999991 2.3617237865605016 ...
                               0 -2.3617237865605016 -4.5624999999999991 ...
                               -6.4523493783272459 -7.9024818095330032 ...
                               -8.8140731648877484 -9.125 -8.8140731648877484 ...
                               -7.9024818095330032 -6.4523493783272459 ...
                               -4.5624999999999991 -2.3617237865605016 ...
                               0 2.3617237865605016 4.5624999999999991 ...
                               6.4523493783272459 7.9024818095330032 8.8140731648877484 ...
                               9.125 8.8140731648877484 7.9024818095330032 ...
                               6.4523493783272459 4.5624999999999991 2.3617237865605016 ...
                               0 -2.3617237865605016 -4.5624999999999991 ...
                               -6.4523493783272459 -7.9024818095330032 ...
                               -8.8140731648877484 -9.125 -8.8140731648877484 ...
                               -7.9024818095330032 -6.4523493783272459 ...
                               -4.5624999999999991 -2.3617237865605016 ...
                               0 2.3617237865605016 4.5624999999999991 ...
                               6.4523493783272459 7.9024818095330032 8.8140731648877484 ...
                               9.125 8.8140731648877484 7.9024818095330032 ...
                               6.4523493783272459 4.5624999999999991 2.3617237865605016 ...
                               0 -2.3617237865605016 -4.5624999999999991 ...
                               -6.4523493783272459 -7.9024818095330032 ...
                               -8.8140731648877484 -9.125 -8.8140731648877484 ...
                               -7.9024818095330032 -6.4523493783272459 ...
                               -4.5624999999999991 -2.3617237865605016 ...
                               0 2.3617237865605016 4.5624999999999991 ...
                               6.4523493783272459 7.9024818095330032 8.8140731648877484 ...
                               9.125 8.8140731648877484 7.9024818095330032 ...
                               6.4523493783272459 4.5624999999999991 2.3617237865605016 ...
                               0 -2.3617237865605016 -4.5624999999999991 ...
                               -6.4523493783272459 -7.9024818095330032 ...
                               -8.8140731648877484 -9.125 -8.8140731648877484 ...
                               -7.9024818095330032 -6.4523493783272459 ...
                               -4.5624999999999991 -2.3617237865605016 ...
                               0 1 2 3 4 5 6 7 8 9 10 11 12 13 14 15 16 ...
                               17 18 19 20 21 22 23 24 25 26 27 28 29 30 ...
                               31 32 33 34 35 36 37 38 39 40 41 42 43 44 ...
                               45 46 47 48 49 50];
Maneuver.Trajectory.x.Units = 'm';
Maneuver.Trajectory.x.Comments = '';
Maneuver.Trajectory.y = struct;
Maneuver.Trajectory.y.Value = [0 0 0 -0 0.31092683511225161 1.2225181904669968 ...
                               2.6726506216727541 4.5625000000000009 6.7632762134394984 ...
                               9.125 11.486723786560502 13.6875 15.577349378327245 ...
                               17.027481809533004 17.939073164887748 18.25 ...
                               17.939073164887748 17.027481809533004 15.577349378327245 ...
                               13.6875 11.486723786560502 9.125 6.7632762134394984 ...
                               4.5625000000000009 2.6726506216727541 1.2225181904669968 ...
                               0.31092683511225161 -0 0.31092683511225161 ...
                               1.2225181904669968 2.6726506216727541 4.5625000000000009 ...
                               6.7632762134394984 9.125 11.486723786560502 ...
                               13.6875 15.577349378327245 17.027481809533004 ...
                               17.939073164887748 18.25 17.939073164887748 ...
                               17.027481809533004 15.577349378327245 13.6875 ...
                               11.486723786560502 9.125 6.7632762134394984 ...
                               4.5625000000000009 2.6726506216727541 1.2225181904669968 ...
                               0.31092683511225161 0 -0.31092683511225161 ...
                               -1.2225181904669968 -2.6726506216727541 ...
                               -4.5625000000000009 -6.7632762134394984 ...
                               -9.125 -11.486723786560502 -13.6875 -15.577349378327245 ...
                               -17.027481809533004 -17.939073164887748 ...
                               -18.25 -17.939073164887748 -17.027481809533004 ...
                               -15.577349378327245 -13.6875 -11.486723786560502 ...
                               -9.125 -6.7632762134394984 -4.5625000000000009 ...
                               -2.6726506216727541 -1.2225181904669968 ...
                               -0.31092683511225161 0 -0.31092683511225161 ...
                               -1.2225181904669968 -2.6726506216727541 ...
                               -4.5625000000000009 -6.7632762134394984 ...
                               -9.125 -11.486723786560502 -13.6875 -15.577349378327245 ...
                               -17.027481809533004 -17.939073164887748 ...
                               -18.25 -17.939073164887748 -17.027481809533004 ...
                               -15.577349378327245 -13.6875 -11.486723786560502 ...
                               -9.125 -6.7632762134394984 -4.5625000000000009 ...
                               -2.6726506216727541 -1.2225181904669968 ...
                               -0.31092683511225161 0 0 0 0 0 0 0 0 0 0 ...
                               0 0 0 0 0 0 0 0 0 0 0 0 0 0 0 0 0 0 0 0 ...
                               0 0 0 0 0 0 0 0 0 0 0 0 0 0 0 0 0 0 0 0 ...
                               0];
Maneuver.Trajectory.y.Units = 'm';
Maneuver.Trajectory.y.Comments = '';
